Compare initial implementation AAP with RPCAinit.

**Method: AAP_EXP_RPCA2(num_trials = 30)**
AAP  known row
 
| m \ alpha | 0.10 | 0.20 | 0.30 |
|---|---|---|---|
| 20 | 9.390 (6.71) [4] | 25.631 (6.25) [0] | 43.943 (13.03) [0] |
| 30 | 1.365 (3.11) [20] | 8.721 (6.05) [7] | 21.308 (9.25) [0] |
| 40 | 0.212 (2.48) [27] | 3.981 (4.54) [13] | 13.072 (5.91) [1] |
| 50 | 0.000 (1.49) [29] | 1.113 (2.70) [23] | 4.761 (5.91) [12] |

 
**Method: AAP_EXP_RPCA5(num_trials = 30)**
AAP  known row
 
| m \ alpha | 0.10 | 0.20 | 0.30 |
|---|---|---|---|
| 20 | 9.390 (6.71) [4] | 25.631 (6.25) [0] | 43.943 (13.03) [0] |
| 30 | 1.365 (3.11) [20] | 8.721 (6.05) [7] | 21.308 (9.25) [0] |
| 40 | 0.212 (2.48) [27] | 3.981 (4.54) [13] | 13.072 (5.91) [1] |
| 50 | 0.000 (1.49) [29] | 1.113 (2.70) [23] | 4.761 (5.91) [12] |

 
**Method: AAP_EXP_RPCA10(num_trials = 30)**
AAP  known row
 
| m \ alpha | 0.10 | 0.20 | 0.30 |
|---|---|---|---|
| 20 | 9.390 (6.71) [4] | 25.631 (6.25) [0] | 43.943 (13.03) [0] |
| 30 | 1.365 (3.11) [20] | 8.721 (6.05) [7] | 21.308 (9.25) [0] |
| 40 | 0.212 (2.48) [27] | 3.981 (4.54) [13] | 13.072 (5.91) [1] |
| 50 | 0.000 (1.49) [29] | 1.113 (2.70) [23] | 4.761 (5.91) [12] |

 
**Method: AAP_EXP_RPCA20(num_trials = 30)**
AAP  known row
 
| m \ alpha | 0.10 | 0.20 | 0.30 |
|---|---|---|---|
| 20 | 9.390 (6.71) [4] | 25.631 (6.25) [0] | 43.943 (13.03) [0] |
| 30 | 1.365 (3.11) [20] | 8.721 (6.05) [7] | 21.308 (9.25) [0] |
| 40 | 0.212 (2.48) [27] | 3.981 (4.54) [13] | 13.072 (5.91) [1] |
| 50 | 0.000 (1.49) [29] | 1.113 (2.70) [23] | 4.761 (5.91) [12] |

 
**Method: AAP_EXP_RPCA30(num_trials = 30)**
AAP  known row
 
| m \ alpha | 0.10 | 0.20 | 0.30 |
|---|---|---|---|
| 20 | 9.390 (6.71) [4] | 25.631 (6.25) [0] | 43.943 (13.03) [0] |
| 30 | 1.365 (3.11) [20] | 8.721 (6.05) [7] | 21.308 (9.25) [0] |
| 40 | 0.212 (2.48) [27] | 3.981 (4.54) [13] | 13.072 (5.91) [1] |
| 50 | 0.000 (1.49) [29] | 1.113 (2.70) [23] | 4.761 (5.91) [12] |

 
**Method: AAP_EXP(num_trials = 30)**
AAP initial without projTangent
 
| m \ alpha | 0.10 | 0.20 | 0.30 |
|---|---|---|---|
| 20 | 9.390 (6.71) [4] | 25.631 (6.25) [0] | 43.943 (13.03) [0] |
| 30 | 1.365 (3.11) [20] | 8.721 (6.05) [7] | 21.308 (9.25) [0] |
| 40 | 0.212 (2.48) [27] | 3.981 (4.54) [13] | 13.072 (5.91) [1] |
| 50 | 0.000 (1.49) [29] | 1.113 (2.70) [23] | 4.761 (5.91) [12] |

 
