Compare initial implementation AAP with different gamma.

**Method: AAP_gamma_70(num_trials = 30)**
SREDG AAP 70
 
| m \ alpha | 0.10 | 0.20 | 0.30 |
|---|---|---|---|
| 20 | 7.282 (3.85) [0] | 17.869 (5.06) [0] | 31.680 (6.02) [0] |
| 30 | 1.871 (1.58) [7] | 9.079 (3.72) [0] | 18.835 (3.76) [0] |
| 40 | 0.094 (0.71) [26] | 4.570 (3.52) [4] | 9.436 (3.62) [0] |
| 50 | 0.000 (0.54) [28] | 0.771 (1.25) [13] | 5.708 (2.57) [0] |

 
**Method: AAP_gamma_75(num_trials = 30)**
SREDG AAP 75
 
| m \ alpha | 0.10 | 0.20 | 0.30 |
|---|---|---|---|
| 20 | 7.177 (3.91) [1] | 18.207 (5.76) [0] | 32.490 (6.52) [0] |
| 30 | 1.456 (1.78) [13] | 8.920 (4.36) [1] | 19.513 (4.26) [0] |
| 40 | 0.060 (0.63) [27] | 4.337 (3.80) [8] | 9.105 (4.12) [0] |
| 50 | 0.000 (0.00) [30] | 0.423 (1.38) [20] | 5.179 (2.83) [1] |

 
**Method: AAP_gamma_80(num_trials = 30)**
SREDG AAP 80
 
| m \ alpha | 0.10 | 0.20 | 0.30 |
|---|---|---|---|
| 20 | 7.285 (4.40) [2] | 18.870 (6.43) [0] | 34.159 (7.34) [0] |
| 30 | 1.499 (1.95) [14] | 9.502 (4.51) [1] | 20.715 (4.73) [0] |
| 40 | 0.000 (0.08) [29] | 4.582 (4.03) [7] | 9.220 (4.69) [1] |
| 50 | 0.000 (0.00) [30] | 0.114 (1.08) [25] | 5.047 (3.25) [3] |

 
**Method: AAP_gamma_85(num_trials = 30)**
SREDG AAP 85
 
| m \ alpha | 0.10 | 0.20 | 0.30 |
|---|---|---|---|
| 20 | 7.363 (4.69) [2] | 19.792 (6.84) [0] | 37.248 (7.94) [0] |
| 30 | 0.936 (2.06) [20] | 9.820 (5.53) [1] | 22.501 (5.61) [0] |
| 40 | 0.000 (0.72) [28] | 4.611 (4.52) [8] | 9.710 (5.26) [1] |
| 50 | 0.000 (0.00) [30] | 0.324 (1.57) [25] | 5.042 (3.83) [4] |

 
**Method: AAP_gamma_90(num_trials = 30)**
SREDG AAP 90
 
| m \ alpha | 0.10 | 0.20 | 0.30 |
|---|---|---|---|
| 20 | 7.532 (5.26) [3] | 22.024 (8.18) [0] | 42.157 (10.28) [0] |
| 30 | 0.895 (2.51) [21] | 11.706 (6.57) [1] | 26.320 (6.82) [0] |
| 40 | 0.000 (0.00) [30] | 4.446 (5.52) [12] | 11.413 (6.15) [1] |
| 50 | 0.000 (0.00) [30] | 0.226 (1.65) [26] | 5.153 (4.29) [7] |

 
**Method: AAP_gamma_92(num_trials = 30)**
SREDG AAP 92
 
| m \ alpha | 0.10 | 0.20 | 0.30 |
|---|---|---|---|
| 20 | 7.982 (5.76) [3] | 23.853 (9.23) [0] | 45.338 (11.17) [0] |
| 30 | 0.798 (2.90) [22] | 13.158 (7.38) [2] | 29.035 (7.41) [0] |
| 40 | 0.000 (0.00) [30] | 5.274 (6.20) [12] | 12.762 (7.10) [2] |
| 50 | 0.000 (0.00) [30] | 0.272 (1.75) [26] | 4.707 (5.00) [9] |

 
**Method: AAP_gamma_95(num_trials = 30)**
SREDG AAP 95
 
| m \ alpha | 0.10 | 0.20 | 0.30 |
|---|---|---|---|
| 20 | 9.465 (6.65) [3] | 26.241 (11.56) [0] | 53.051 (14.72) [0] |
| 30 | 0.664 (3.12) [23] | 15.814 (9.86) [1] | 34.435 (10.36) [0] |
| 40 | 0.000 (0.00) [30] | 6.388 (8.52) [12] | 15.924 (9.55) [1] |
| 50 | 0.000 (0.00) [30] | 0.000 (1.30) [28] | 6.380 (6.61) [9] |

 
**Method: AAP_gamma_98(num_trials = 30)**
SREDG AAP 98
 
| m \ alpha | 0.10 | 0.20 | 0.30 |
|---|---|---|---|
| 20 | 11.463 (10.43) [4] | 32.283 (16.49) [0] | 67.717 (24.90) [0] |
| 30 | 0.340 (4.42) [25] | 21.058 (14.16) [2] | 49.840 (19.80) [0] |
| 40 | 0.001 (0.00) [30] | 12.045 (15.60) [12] | 22.462 (14.86) [1] |
| 50 | 0.001 (0.00) [30] | 0.000 (1.24) [28] | 8.073 (11.21) [11] |

 
