Compare initial implementation AAP with different gamma.

**Method: AAP_gamma_90(num_trials = 30)**
SREDG AAP 90
 
| m \ alpha | 0.10 | 0.20 | 0.30 |
|---|---|---|---|
| 20 | 7.459 (5.25) [5] | 24.975 (8.08) [0] | 43.439 (8.15) [0] |
| 30 | 2.255 (3.76) [19] | 9.537 (5.19) [2] | 21.942 (8.00) [0] |
| 40 | 0.000 (1.46) [29] | 2.634 (3.83) [16] | 11.962 (6.56) [3] |
| 50 | 0.000 (0.00) [30] | 0.371 (2.39) [25] | 4.321 (5.16) [10] |

 
**Method: AAP_gamma_99(num_trials = 30)**
SREDG AAP 99
 
| m \ alpha | 0.10 | 0.20 | 0.30 |
|---|---|---|---|
| 20 | 11.258 (15.51) [8] | 49.583 (30.18) [0] | 107.758 (48.02) [0] |
| 30 | 3.037 (10.43) [19] | 24.785 (25.06) [4] | 56.904 (30.10) [0] |
| 40 | 0.000 (1.27) [29] | 5.290 (11.33) [18] | 29.299 (29.41) [2] |
| 50 | 0.000 (0.00) [30] | 1.635 (14.25) [25] | 9.404 (14.26) [11] |

 
