**Method: RMDSAAP(num_trials = 50)**
RMDS AAP
 
| p \ alpha | 0.10 | 0.20 | 0.30 |
|---|---|---|---|
| 100 | 0.000 (0.00) [50] | 0.000 (4.18) [49] | 4.917 (12.54) [38] |
| 300 | 0.000 (0.00) [50] | 0.000 (0.00) [50] | 0.000 (0.00) [50] |
| 500 | 0.000 (0.00) [50] | 0.000 (0.00) [50] | 0.000 (0.00) [50] |

 
**Method: RMDSRPCA(num_trials = 50)**
RMDS RPCA
 
| p \ alpha | 0.10 | 0.20 | 0.30 |
|---|---|---|---|
| 100 | 6.379 (12.31) [1] | 22.074 (24.26) [0] | 41.619 (22.82) [0] |
| 300 | 0.439 (0.93) [37] | 0.674 (1.04) [32] | 0.782 (1.20) [29] |
| 500 | 0.000 (0.26) [48] | 0.000 (0.25) [48] | 0.059 (0.72) [46] |

 
