**Method: RMDSAAP(num_trials = 50)**
RMDS AAP
 
| p \ alpha | 0.10 | 0.20 | 0.30 |
|---|---|---|---|
| 100 | 0.000 (0.00) [50] | 0.000 (0.00) [50] | 0.235 (2.69) [47] |
| 300 | 0.000 (0.00) [50] | 0.000 (0.00) [50] | 0.000 (0.00) [50] |
| 500 | 0.000 (0.00) [50] | 0.000 (0.00) [50] | 0.000 (0.00) [50] |

 
**Method: RMDSRPCA(num_trials = 50)**
RMDS RPCA
 
| p \ alpha | 0.10 | 0.20 | 0.30 |
|---|---|---|---|
| 100 | 3.053 (2.23) [8] | 4.057 (2.12) [2] | 4.770 (3.39) [4] |
| 300 | 0.150 (0.65) [43] | 0.238 (0.68) [40] | 0.129 (0.60) [42] |
| 500 | 0.000 (0.09) [49] | 0.000 (0.00) [50] | 0.002 (0.11) [48] |

 
