**Method: SREDG_RPCAB(num_trials = 50)**
SREDG with RPCA on B
 
| m \ alpha | 0.10 | 0.20 | 0.30 |
|---|---|---|---|
| 20 | 0.661 (0.78) [18] | 3.296 (1.00) [0] | 7.454 (1.24) [0] |
| 30 | 0.041 (0.31) [45] | 0.531 (0.70) [22] | 2.556 (0.96) [0] |
| 40 | 0.000 (0.00) [50] | 0.000 (0.11) [48] | 0.613 (0.58) [16] |
| 50 | 0.000 (0.00) [50] | 0.000 (0.09) [48] | 0.132 (0.36) [35] |

 
**Method: SREDG(num_trials = 50)**
SREDG with RPCA on F
 
| m \ alpha | 0.10 | 0.20 | 0.30 |
|---|---|---|---|
| 20 | 0.646 (0.75) [18] | 3.224 (0.92) [0] | 7.272 (1.09) [0] |
| 30 | 0.055 (0.27) [45] | 0.535 (0.61) [21] | 2.452 (0.82) [0] |
| 40 | 0.000 (0.00) [50] | 0.000 (0.17) [48] | 0.643 (0.58) [16] |
| 50 | 0.000 (0.00) [50] | 0.000 (0.12) [48] | 0.150 (0.34) [35] |

 
