p2000 and d3
**Method: SREDGAAP(num_trials = 50)**
SREDG AAP 
 
| m \ alpha | 0.10 | 0.15 | 0.20 | 0.25 | 0.30 |
|---|---|---|---|---|---|
| 20 | 9.095 (6.20) [3] | 16.666 (5.91) [0] | 26.717 (8.07) [0] | 34.500 (8.95) [0] | 42.917 (10.87) [0] |
| 30 | 1.481 (2.79) [33] | 6.789 (5.20) [7] | 10.085 (6.09) [4] | 14.309 (7.21) [1] | 22.583 (7.50) [0] |
| 40 | 0.108 (0.93) [46] | 2.243 (3.15) [26] | 3.356 (3.63) [17] | 7.292 (6.08) [11] | 10.358 (6.71) [5] |
| 50 | 0.000 (0.19) [49] | 0.290 (1.16) [43] | 1.705 (3.19) [32] | 3.795 (3.50) [13] | 7.509 (5.55) [9] |
| 60 | 0.000 (0.00) [50] | 0.049 (0.67) [47] | 0.212 (1.36) [45] | 0.854 (1.91) [36] | 3.566 (3.66) [17] |
| 70 | 0.000 (0.00) [50] | 0.000 (0.00) [50] | 0.117 (0.96) [46] | 0.791 (1.87) [39] | 1.584 (2.83) [32] |
| 80 | 0.000 (0.00) [50] | 0.000 (0.00) [50] | 0.000 (0.58) [49] | 0.078 (0.86) [46] | 0.637 (1.93) [39] |
| 90 | 0.000 (0.00) [50] | 0.000 (0.00) [50] | 0.000 (0.77) [48] | 0.000 (0.67) [48] | 0.303 (1.41) [43] |
| 100 | 0.000 (0.00) [50] | 0.000 (0.00) [50] | 0.000 (0.41) [49] | 0.000 (0.00) [50] | 0.379 (1.34) [43] |

 
**Method: SREDG(num_trials = 50)**
SREDG CISS paper
 
| m \ alpha | 0.10 | 0.15 | 0.20 | 0.25 | 0.30 |
|---|---|---|---|---|---|
| 20 | 8.202 (3.43) [0] | 12.688 (3.91) [0] | 18.340 (4.38) [0] | 26.283 (5.78) [0] | 35.511 (6.47) [0] |
| 30 | 1.107 (2.31) [30] | 4.401 (3.53) [6] | 6.112 (2.66) [0] | 9.525 (2.37) [0] | 13.701 (2.56) [0] |
| 40 | 0.000 (0.49) [49] | 0.290 (1.48) [42] | 0.857 (1.76) [30] | 4.391 (2.90) [4] | 5.711 (2.17) [0] |
| 50 | 0.000 (0.00) [50] | 0.000 (0.13) [49] | 0.172 (1.54) [44] | 0.528 (1.49) [33] | 1.861 (2.11) [14] |
| 60 | 0.000 (0.00) [50] | 0.000 (0.00) [50] | 0.000 (0.71) [48] | 0.096 (1.23) [46] | 0.679 (1.53) [33] |
| 70 | 0.000 (0.00) [50] | 0.000 (0.00) [50] | 0.000 (0.00) [50] | 0.000 (0.00) [50] | 0.018 (0.26) [47] |
| 80 | 0.000 (0.00) [50] | 0.000 (0.00) [50] | 0.000 (0.00) [50] | 0.000 (0.00) [50] | 0.000 (0.00) [50] |
| 90 | 0.000 (0.00) [50] | 0.000 (0.00) [50] | 0.000 (0.00) [50] | 0.000 (0.00) [50] | 0.000 (0.00) [50] |
| 100 | 0.000 (0.00) [50] | 0.000 (0.00) [50] | 0.000 (0.00) [50] | 0.000 (0.00) [50] | 0.000 (0.00) [50] |

 
