p500 and d3 gamma .99 iter 2000 both
**Method: SREDGAAP(num_trials = 50)**
SREDG AAP 
 
| m \ alpha | 0.10 | 0.20 | 0.30 |
|---|---|---|---|
| 20 | 14.104 (24.10) [8] | 57.412 (35.62) [0] | 93.854 (57.90) [0] |
| 25 | 8.654 (16.90) [21] | 30.951 (26.00) [5] | 60.949 (50.57) [0] |
| 30 | 1.459 (4.30) [39] | 23.905 (21.01) [4] | 57.154 (48.39) [0] |
| 35 | 0.684 (4.00) [45] | 11.674 (20.26) [22] | 35.238 (34.81) [3] |
| 40 | 0.116 (1.63) [46] | 6.231 (11.85) [26] | 31.488 (27.23) [8] |
| 45 | 0.000 (0.30) [49] | 2.523 (8.92) [37] | 20.397 (23.67) [8] |
| 50 | 0.000 (0.00) [50] | 1.884 (6.88) [37] | 17.212 (23.26) [17] |

 
**Method: SREDG(num_trials = 50)**
SREDG CISS paper
 
| m \ alpha | 0.10 | 0.20 | 0.30 |
|---|---|---|---|
| 20 | 9.652 (3.48) [0] | 18.559 (3.31) [0] | 34.933 (6.10) [0] |
| 25 | 4.588 (3.80) [11] | 10.940 (2.94) [0] | 21.314 (3.98) [0] |
| 30 | 2.098 (2.92) [25] | 7.514 (3.38) [0] | 13.374 (2.66) [0] |
| 35 | 0.519 (1.89) [41] | 4.430 (3.13) [8] | 9.640 (2.07) [0] |
| 40 | 0.000 (0.91) [48] | 2.351 (2.87) [19] | 7.367 (2.33) [0] |
| 45 | 0.000 (0.34) [49] | 0.949 (2.37) [34] | 5.498 (2.21) [0] |
| 50 | 0.000 (0.62) [49] | 1.027 (2.24) [35] | 3.804 (2.73) [9] |

 
