**Method: SREDG_AAP(num_trials = 50)**
SREDG AAP Geometric Clean F
 
| m \ alpha | 0.10 | 0.20 | 0.30 |
|---|---|---|---|
| 20 | 4.383 (3.63) [9] | 13.409 (5.19) [0] | 23.632 (5.49) [0] |
| 30 | 0.815 (1.94) [33] | 4.626 (3.56) [8] | 10.933 (5.49) [0] |
| 40 | 0.000 (0.44) [48] | 1.970 (2.35) [20] | 6.257 (4.45) [6] |
| 50 | 0.030 (0.61) [47] | 0.528 (1.40) [38] | 3.646 (3.16) [13] |

 
**Method: SREDG(num_trials = 50)**
SREDG CISS paper
 
| m \ alpha | 0.10 | 0.20 | 0.30 |
|---|---|---|---|
| 20 | 1.844 (1.42) [8] | 8.041 (1.79) [0] | 16.498 (1.73) [0] |
| 30 | 0.008 (0.38) [47] | 1.551 (1.30) [14] | 5.669 (1.31) [0] |
| 40 | 0.000 (0.00) [50] | 0.089 (0.46) [43] | 1.591 (1.16) [7] |
| 50 | 0.000 (0.00) [50] | 0.000 (0.00) [50] | 0.287 (0.59) [32] |

 
