**Method: SREDG_AAP(num_trials = 50)**
SREDG AAP
 
| m \ alpha | 0.10 | 0.20 | 0.30 |
|---|---|---|---|
| 20 | 4.501 (3.24) [7] | 13.030 (5.72) [0] | 22.038 (7.26) [0] |
| 30 | 0.960 (1.67) [29] | 4.760 (3.28) [9] | 12.774 (4.49) [0] |
| 40 | 0.118 (0.72) [45] | 1.896 (2.42) [25] | 6.335 (3.93) [3] |
| 50 | 0.000 (0.00) [50] | 0.580 (1.35) [38] | 2.479 (2.85) [19] |

 
**Method: SREDG_AAP2(num_trials = 50)**
SREDG AAP without projection
 
| m \ alpha | 0.10 | 0.20 | 0.30 |
|---|---|---|---|
| 20 | 4.317 (3.18) [7] | 13.087 (5.72) [0] | 21.866 (7.16) [0] |
| 30 | 0.958 (1.71) [29] | 4.705 (3.26) [9] | 12.767 (4.47) [0] |
| 40 | 0.118 (0.71) [45] | 1.909 (2.46) [25] | 6.313 (3.96) [3] |
| 50 | 0.000 (0.00) [50] | 0.579 (1.36) [38] | 2.525 (2.90) [19] |

 
**Method: SREDG(num_trials = 50)**
SREDG CISS paper
 
| m \ alpha | 0.10 | 0.20 | 0.30 |
|---|---|---|---|
| 20 | 2.653 (1.89) [6] | 8.055 (2.05) [0] | 16.629 (1.92) [0] |
| 30 | 0.026 (0.38) [47] | 1.647 (1.37) [10] | 5.599 (1.26) [0] |
| 40 | 0.000 (0.00) [50] | 0.091 (0.34) [42] | 1.782 (1.14) [5] |
| 50 | 0.000 (0.00) [50] | 0.000 (0.00) [50] | 0.167 (0.54) [37] |

 
