p100 and d3 gamma .95 i1000 
**Method: SREDGAAP(num_trials = 50)**
SREDG AAP 
 
| m \ alpha | 0.05 | 0.10 | 0.15 | 0.20 | 0.25 | 0.30 |
|---|---|---|---|---|---|---|
| 10 | 22.936 (9.83) [2] | 44.205 (22.04) [0] | 65.311 (29.84) [0] | 78.509 (21.93) [0] | 91.524 (23.13) [0] | 102.585 (26.05) [0] |
| 15 | 8.675 (14.89) [24] | 20.950 (13.36) [8] | 37.172 (18.97) [3] | 54.360 (25.19) [0] | 65.476 (24.62) [0] | 79.003 (20.81) [0] |
| 20 | 1.839 (6.57) [41] | 9.397 (14.11) [23] | 18.547 (16.91) [8] | 28.690 (16.02) [0] | 40.797 (26.33) [2] | 60.555 (22.71) [0] |
| 25 | 0.000 (1.51) [48] | 3.178 (7.40) [37] | 8.072 (13.16) [23] | 17.436 (14.96) [9] | 26.217 (16.48) [6] | 49.260 (19.75) [0] |
| 30 | 0.000 (2.73) [48] | 1.657 (6.43) [41] | 2.367 (11.66) [38] | 8.359 (11.23) [22] | 15.569 (18.82) [16] | 25.605 (18.38) [7] |
| 35 | 0.000 (1.26) [49] | 0.000 (1.71) [49] | 1.886 (7.44) [41] | 5.703 (10.37) [34] | 12.045 (15.42) [21] | 21.751 (17.25) [6] |
| 40 | 0.000 (0.00) [50] | 0.000 (0.23) [49] | 1.230 (8.78) [45] | 1.113 (6.03) [43] | 6.926 (13.06) [30] | 16.357 (23.23) [15] |
| 45 | 0.000 (0.00) [50] | 0.000 (2.53) [49] | 0.000 (2.14) [48] | 1.915 (7.43) [42] | 5.524 (11.38) [34] | 11.200 (12.23) [17] |
| 50 | 0.000 (0.00) [50] | 0.000 (0.00) [50] | 0.000 (4.01) [48] | 1.203 (6.54) [45] | 1.768 (6.70) [42] | 4.498 (9.60) [32] |

 
**Method: SREDG(num_trials = 50)**
SREDG CISS paper
 
| m \ alpha | 0.05 | 0.10 | 0.15 | 0.20 | 0.25 | 0.30 |
|---|---|---|---|---|---|---|
| 10 | 25.825 (8.90) [0] | 43.008 (13.66) [0] | 54.448 (11.58) [0] | 65.764 (13.45) [0] | 74.883 (11.65) [0] | 80.104 (11.08) [0] |
| 15 | 11.077 (5.68) [1] | 18.023 (7.15) [0] | 27.275 (8.60) [0] | 37.081 (9.90) [0] | 46.512 (7.87) [0] | 55.874 (7.90) [0] |
| 20 | 5.804 (4.25) [9] | 9.258 (3.58) [1] | 14.107 (4.67) [0] | 20.156 (7.05) [0] | 29.283 (7.71) [0] | 36.954 (7.12) [0] |
| 25 | 3.980 (3.50) [18] | 7.007 (2.24) [0] | 8.660 (2.79) [0] | 12.533 (4.27) [0] | 16.803 (5.55) [0] | 23.812 (7.15) [0] |
| 30 | 3.196 (3.02) [18] | 6.327 (2.49) [2] | 6.938 (2.61) [1] | 9.263 (3.02) [0] | 11.676 (4.60) [0] | 16.324 (5.18) [0] |
| 35 | 2.715 (2.80) [22] | 4.598 (2.93) [9] | 6.439 (1.94) [1] | 7.472 (2.59) [0] | 8.508 (1.92) [0] | 11.539 (3.33) [0] |
| 40 | 1.306 (2.16) [31] | 4.754 (2.33) [4] | 5.559 (2.19) [1] | 6.894 (2.33) [0] | 7.180 (2.47) [0] | 9.162 (3.11) [0] |
| 45 | 1.676 (2.26) [27] | 3.772 (2.16) [7] | 4.377 (1.91) [2] | 5.836 (1.67) [0] | 6.833 (2.40) [0] | 8.084 (2.67) [0] |
| 50 | 0.940 (1.62) [33] | 3.520 (2.22) [7] | 4.721 (2.10) [2] | 5.415 (1.67) [0] | 6.505 (1.69) [0] | 6.702 (2.30) [0] |

 
