p100 and d2 gamma .99 i2000 ; <1e-1
**Method: SREDGAAP(num_trials = 50)**
SREDG AAP 
 
| m \ alpha | 0.05 | 0.10 | 0.15 | 0.20 | 0.25 | 0.30 |
|---|---|---|---|---|---|---|
| 10 | 7.134 (16.38) [17] | 15.617 (9.27) [4] | 36.612 (57.96) [0] | 54.628 (59.59) [0] | 77.590 (71.46) [0] | 78.503 (79.21) [0] |
| 15 | 1.424 (4.04) [38] | 4.174 (12.46) [29] | 11.247 (16.53) [12] | 30.823 (59.96) [6] | 42.236 (53.56) [2] | 69.408 (69.95) [0] |
| 20 | 0.000 (1.85) [48] | 0.459 (6.56) [45] | 4.387 (13.48) [30] | 11.350 (17.55) [20] | 27.833 (40.86) [6] | 39.829 (55.22) [4] |
| 25 | 0.000 (0.00) [50] | 0.000 (1.54) [49] | 1.122 (7.66) [41] | 3.978 (22.58) [37] | 17.027 (41.46) [15] | 22.025 (48.64) [14] |
| 30 | 0.000 (0.00) [50] | 0.000 (0.69) [49] | 1.368 (15.44) [43] | 1.908 (7.04) [41] | 12.046 (26.61) [23] | 17.725 (39.51) [25] |
| 35 | 0.000 (0.00) [50] | 0.000 (0.70) [49] | 0.000 (7.34) [49] | 0.477 (11.84) [45] | 1.315 (19.44) [40] | 8.586 (22.13) [29] |
| 40 | 0.000 (0.00) [50] | 0.000 (0.55) [49] | 0.000 (11.34) [49] | 0.000 (0.95) [48] | 2.143 (12.56) [42] | 3.668 (27.90) [42] |
| 45 | 0.000 (0.00) [50] | 0.000 (0.00) [50] | 0.000 (0.00) [50] | 0.000 (0.00) [50] | 0.384 (15.91) [45] | 2.247 (22.73) [43] |
| 50 | 0.000 (0.00) [50] | 0.000 (0.00) [50] | 0.000 (6.86) [49] | 0.000 (2.71) [49] | 0.000 (0.00) [50] | 2.559 (27.46) [44] |

 
**Method: SREDG(num_trials = 50)**
SREDG CISS paper
 
| m \ alpha | 0.05 | 0.10 | 0.15 | 0.20 | 0.25 | 0.30 |
|---|---|---|---|---|---|---|
| 10 | 11.626 (4.78) [0] | 16.835 (5.66) [0] | 25.124 (5.07) [0] | 30.129 (7.72) [0] | 34.639 (5.48) [0] | 36.799 (6.73) [0] |
| 15 | 3.945 (3.39) [12] | 7.367 (3.73) [2] | 11.140 (4.37) [0] | 15.490 (3.51) [0] | 19.811 (4.29) [0] | 25.631 (5.19) [0] |
| 20 | 1.197 (2.37) [32] | 4.342 (2.78) [6] | 6.429 (3.17) [1] | 8.571 (2.95) [0] | 11.898 (3.43) [0] | 15.262 (3.43) [0] |
| 25 | 0.165 (0.96) [42] | 1.789 (2.33) [24] | 3.694 (2.32) [10] | 6.242 (1.90) [0] | 7.905 (2.37) [0] | 10.572 (2.51) [0] |
| 30 | 0.000 (0.45) [48] | 0.818 (1.63) [34] | 1.969 (2.26) [19] | 3.642 (2.17) [6] | 5.998 (2.61) [1] | 7.271 (1.91) [0] |
| 35 | 0.000 (0.33) [49] | 0.399 (1.27) [40] | 1.098 (1.89) [32] | 2.893 (2.21) [11] | 4.149 (2.18) [5] | 5.694 (1.83) [0] |
| 40 | 0.000 (0.09) [49] | 0.484 (1.33) [37] | 1.009 (1.53) [28] | 2.390 (2.06) [13] | 3.197 (1.70) [3] | 4.346 (1.77) [1] |
| 45 | 0.000 (0.00) [50] | 0.063 (0.46) [45] | 0.400 (0.96) [35] | 1.787 (1.79) [17] | 2.876 (1.74) [4] | 3.981 (1.77) [2] |
| 50 | 0.000 (0.36) [49] | 0.267 (0.95) [42] | 0.553 (1.11) [35] | 1.684 (1.74) [18] | 2.297 (1.53) [9] | 3.398 (1.46) [0] |

 
