p500 and d3 gamma .99 i2000 very close initial Fk = F_star + randn(size(F_star)) * 10;
**Method: SREDGAAP(num_trials = 50)**
SREDG AAP 
 
| m \ alpha | 0.10 | 0.20 | 0.30 |
|---|---|---|---|
| 20 | 17.316 (24.93) [8] | 52.349 (35.44) [1] | 105.859 (60.69) [0] |
| 25 | 8.146 (14.49) [21] | 28.283 (23.88) [2] | 78.273 (48.44) [0] |
| 30 | 2.017 (9.36) [39] | 28.460 (31.95) [8] | 61.898 (37.86) [0] |
| 35 | 0.501 (8.23) [44] | 11.031 (16.14) [19] | 36.073 (38.68) [5] |
| 40 | 0.000 (5.47) [48] | 7.365 (12.65) [26] | 34.625 (34.21) [7] |
| 45 | 0.191 (6.01) [47] | 3.188 (9.40) [35] | 26.846 (26.26) [7] |
| 50 | 0.000 (3.37) [49] | 3.257 (9.60) [33] | 14.363 (20.45) [16] |

 
**Method: SREDG(num_trials = 50)**
SREDG CISS paper
 
| m \ alpha | 0.10 | 0.20 | 0.30 |
|---|---|---|---|
| 20 | 8.672 (3.64) [0] | 18.347 (4.39) [0] | 35.590 (5.82) [0] |
| 25 | 3.806 (3.26) [14] | 11.288 (2.97) [0] | 22.171 (5.00) [0] |
| 30 | 1.684 (2.86) [29] | 7.385 (3.11) [0] | 13.541 (2.69) [0] |
| 35 | 0.520 (1.94) [41] | 4.373 (2.94) [7] | 10.076 (2.76) [0] |
| 40 | 0.165 (0.91) [44] | 2.829 (2.95) [16] | 7.054 (2.50) [0] |
| 45 | 0.000 (0.71) [48] | 1.384 (2.35) [30] | 5.488 (2.37) [3] |
| 50 | 0.000 (0.00) [50] | 0.305 (1.31) [41] | 3.177 (2.44) [6] |

 
