p500 and d2 
**Method: SREDGAAP(num_trials = 50)**
SREDG AAP 
 
| m \ alpha | 0.10 | 0.15 | 0.20 | 0.25 | 0.30 |
|---|---|---|---|---|---|
| 20 | 2.565 (3.31) [22] | 5.243 (4.28) [9] | 8.003 (4.86) [6] | 11.984 (6.22) [0] | 16.455 (6.11) [1] |
| 25 | 0.743 (1.69) [37] | 1.645 (3.00) [29] | 4.323 (4.11) [13] | 6.473 (4.82) [9] | 10.867 (4.91) [1] |
| 30 | 0.078 (0.75) [46] | 1.262 (2.22) [31] | 2.118 (3.68) [26] | 4.559 (4.17) [13] | 7.388 (4.56) [6] |
| 35 | 0.078 (0.86) [46] | 0.147 (0.86) [44] | 1.344 (2.91) [33] | 3.206 (3.48) [17] | 5.336 (4.23) [10] |
| 40 | 0.000 (0.00) [50] | 0.124 (1.30) [46] | 0.535 (1.75) [40] | 1.621 (2.94) [29] | 2.843 (4.38) [25] |
| 45 | 0.000 (0.00) [50] | 0.010 (0.98) [47] | 0.491 (1.57) [42] | 1.677 (2.36) [26] | 2.792 (3.22) [22] |
| 50 | 0.000 (0.00) [50] | 0.004 (0.79) [47] | 0.084 (1.15) [47] | 0.474 (1.52) [40] | 1.414 (2.74) [30] |
| 55 | 0.000 (0.00) [50] | 0.000 (0.00) [50] | 0.061 (0.73) [47] | 0.296 (1.48) [44] | 1.225 (2.01) [32] |
| 60 | 0.000 (0.00) [50] | 0.000 (0.00) [50] | 0.000 (0.49) [49] | 0.000 (0.51) [48] | 0.563 (1.70) [39] |

 
**Method: SREDG(num_trials = 50)**
SREDG CISS paper
 
| m \ alpha | 0.10 | 0.15 | 0.20 | 0.25 | 0.30 |
|---|---|---|---|---|---|
| 20 | 2.906 (2.40) [9] | 6.417 (2.70) [0] | 8.098 (2.54) [0] | 11.643 (2.06) [0] | 15.232 (2.63) [0] |
| 25 | 0.424 (1.08) [36] | 1.804 (1.90) [15] | 4.355 (2.13) [0] | 6.631 (2.26) [0] | 9.431 (1.74) [0] |
| 30 | 0.036 (0.41) [46] | 0.237 (0.64) [39] | 1.418 (1.46) [16] | 3.828 (1.93) [0] | 5.845 (1.84) [0] |
| 35 | 0.000 (0.08) [49] | 0.031 (0.39) [47] | 0.491 (1.10) [30] | 1.312 (1.27) [17] | 3.665 (1.35) [1] |
| 40 | 0.000 (0.00) [50] | 0.000 (0.00) [50] | 0.141 (0.66) [40] | 0.574 (0.88) [27] | 1.617 (1.36) [8] |
| 45 | 0.000 (0.00) [50] | 0.000 (0.00) [50] | 0.000 (0.26) [49] | 0.138 (0.55) [40] | 0.954 (1.03) [16] |
| 50 | 0.000 (0.00) [50] | 0.000 (0.00) [50] | 0.000 (0.00) [50] | 0.024 (0.49) [46] | 0.121 (0.45) [41] |
| 55 | 0.000 (0.00) [50] | 0.000 (0.00) [50] | 0.000 (0.14) [49] | 0.010 (0.36) [47] | 0.144 (0.67) [40] |
| 60 | 0.000 (0.00) [50] | 0.000 (0.00) [50] | 0.000 (0.00) [50] | 0.000 (0.03) [49] | 0.000 (0.28) [48] |

 
