**Method: SREDG_RPCAB(num_trials = 50)**
SREDG with RPCA on B
 
| m \ alpha | 0.10 | 0.20 | 0.30 |
|---|---|---|---|
| 20 | 2.179 (1.66) [5] | 8.031 (1.78) [0] | 17.414 (2.76) [0] |
| 30 | 0.000 (0.16) [48] | 1.626 (1.33) [10] | 5.583 (1.40) [0] |
| 40 | 0.000 (0.00) [50] | 0.124 (0.55) [41] | 1.800 (1.14) [4] |
| 50 | 0.000 (0.00) [50] | 0.000 (0.04) [49] | 0.079 (0.31) [40] |

 
**Method: SREDG(num_trials = 50)**
SREDG with RPCA on F
 
| m \ alpha | 0.10 | 0.20 | 0.30 |
|---|---|---|---|
| 20 | 2.152 (1.50) [4] | 8.153 (1.61) [0] | 16.617 (2.26) [0] |
| 30 | 0.000 (0.16) [48] | 1.603 (1.23) [10] | 5.459 (1.32) [0] |
| 40 | 0.000 (0.00) [50] | 0.147 (0.58) [41] | 1.812 (1.05) [3] |
| 50 | 0.000 (0.00) [50] | 0.000 (0.07) [49] | 0.115 (0.46) [39] |

 
