p500 and d3 gamma .95 iter 1000
**Method: SREDGAAP(num_trials = 50)**
SREDG AAP 
 
| m \ alpha | 0.10 | 0.15 | 0.20 | 0.25 | 0.30 |
|---|---|---|---|---|---|
| 20 | 9.860 (9.07) [10] | 16.135 (9.65) [1] | 29.736 (12.06) [0] | 39.307 (12.29) [0] | 51.167 (11.12) [0] |
| 25 | 5.197 (5.26) [17] | 11.485 (7.90) [6] | 16.799 (8.36) [2] | 26.884 (9.70) [0] | 35.403 (9.85) [0] |
| 30 | 1.764 (3.99) [37] | 5.483 (6.46) [19] | 12.719 (10.48) [8] | 17.873 (10.81) [3] | 25.895 (11.59) [0] |
| 35 | 1.690 (4.15) [38] | 3.352 (5.62) [27] | 9.082 (8.65) [14] | 14.028 (9.68) [4] | 18.708 (12.21) [3] |
| 40 | 0.000 (0.77) [48] | 1.286 (4.53) [38] | 3.805 (6.36) [29] | 8.504 (7.31) [14] | 15.936 (10.06) [4] |
| 45 | 0.000 (1.57) [48] | 0.668 (3.16) [43] | 3.472 (5.88) [29] | 6.194 (7.69) [20] | 13.327 (11.53) [13] |
| 50 | 0.000 (0.00) [50] | 0.294 (2.36) [44] | 0.595 (4.11) [43] | 5.866 (7.26) [22] | 9.456 (7.16) [10] |
| 55 | 0.000 (0.51) [49] | 0.000 (1.47) [49] | 1.391 (4.02) [40] | 3.076 (5.11) [29] | 7.026 (6.54) [16] |
| 60 | 0.000 (0.00) [50] | 0.000 (0.00) [50] | 0.171 (1.48) [46] | 1.371 (3.39) [37] | 4.187 (5.60) [25] |

 
**Method: SREDG(num_trials = 50)**
SREDG CISS paper
 
| m \ alpha | 0.10 | 0.15 | 0.20 | 0.25 | 0.30 |
|---|---|---|---|---|---|
| 20 | 8.088 (3.07) [0] | 12.472 (3.48) [0] | 18.557 (4.05) [0] | 25.629 (5.22) [0] | 36.012 (5.55) [0] |
| 25 | 4.705 (3.95) [8] | 7.983 (3.73) [0] | 10.854 (2.83) [0] | 15.032 (2.71) [0] | 21.490 (3.46) [0] |
| 30 | 1.819 (2.91) [29] | 4.951 (3.52) [6] | 7.104 (2.89) [0] | 9.449 (2.35) [0] | 13.407 (2.93) [0] |
| 35 | 0.848 (2.27) [40] | 1.968 (3.08) [29] | 4.730 (3.36) [9] | 7.010 (2.74) [0] | 9.386 (2.20) [0] |
| 40 | 0.102 (1.35) [47] | 1.200 (2.53) [35] | 3.026 (3.15) [21] | 3.827 (2.93) [5] | 6.242 (2.54) [0] |
| 45 | 0.000 (0.81) [48] | 0.348 (1.94) [43] | 1.945 (2.81) [27] | 2.858 (2.67) [15] | 4.443 (2.74) [1] |
| 50 | 0.000 (1.11) [48] | 0.135 (1.21) [46] | 0.325 (1.42) [43] | 2.043 (2.26) [19] | 3.326 (2.49) [5] |
| 55 | 0.000 (0.00) [50] | 0.062 (0.69) [45] | 0.222 (1.14) [44] | 0.704 (1.86) [39] | 2.671 (2.32) [9] |
| 60 | 0.000 (0.00) [50] | 0.000 (0.46) [49] | 0.000 (0.77) [49] | 0.294 (1.50) [43] | 1.207 (1.99) [28] |

 
