**Method: SREDGAAP(num_trials = 50)**
SREDG AAP new implementation from RMDSAAP
 
| m \ alpha | 0.10 | 0.15 | 0.20 | 0.25 | 0.30 |
|---|---|---|---|---|---|
| 5 | 45.288 (32.50) [0] | 50.013 (18.71) [0] | 63.135 (26.36) [0] | 78.658 (51.67) [0] | 74.312 (26.10) [0] |
| 10 | 14.849 (6.75) [0] | 21.869 (8.55) [0] | 28.167 (8.22) [0] | 34.155 (7.10) [0] | 42.683 (7.71) [0] |
| 15 | 6.177 (5.21) [9] | 9.886 (5.73) [2] | 13.972 (5.98) [0] | 21.692 (5.17) [0] | 26.812 (6.33) [0] |
| 20 | 2.935 (3.49) [20] | 4.734 (4.80) [17] | 9.190 (4.98) [3] | 12.111 (5.83) [1] | 18.368 (5.95) [0] |

 
**Method: SREDG_AAP(num_trials = 50)**
SREDG AAP without projection
 
| m \ alpha | 0.10 | 0.15 | 0.20 | 0.25 | 0.30 |
|---|---|---|---|---|---|
| 5 | 45.145 (33.45) [0] | 52.996 (20.85) [0] | 65.140 (27.28) [0] | 82.639 (50.35) [0] | 76.912 (29.88) [0] |
| 10 | 14.987 (6.58) [0] | 21.838 (8.38) [0] | 28.176 (7.84) [0] | 34.808 (7.88) [0] | 43.037 (8.10) [0] |
| 15 | 6.024 (5.25) [10] | 10.040 (5.80) [2] | 13.891 (5.89) [0] | 21.972 (5.24) [0] | 26.983 (6.38) [0] |
| 20 | 2.750 (3.42) [18] | 4.704 (4.71) [17] | 9.135 (4.99) [3] | 12.374 (5.73) [1] | 18.400 (5.69) [0] |

 
**Method: SREDG(num_trials = 50)**
SREDG CISS paper
 
| m \ alpha | 0.10 | 0.15 | 0.20 | 0.25 | 0.30 |
|---|---|---|---|---|---|
| 5 | 45.517 (37.69) [0] | 52.869 (16.37) [0] | 63.104 (23.79) [0] | 77.214 (58.43) [0] | 69.505 (25.94) [0] |
| 10 | 18.176 (6.47) [0] | 23.273 (7.48) [0] | 29.463 (4.97) [0] | 34.197 (3.78) [0] | 41.573 (5.31) [0] |
| 15 | 7.148 (3.11) [0] | 11.342 (2.71) [0] | 15.625 (3.28) [0] | 19.859 (3.54) [0] | 24.635 (3.64) [0] |
| 20 | 2.637 (2.44) [3] | 4.739 (2.30) [0] | 8.110 (2.02) [0] | 11.715 (2.28) [0] | 15.049 (2.56) [0] |

 
