
**Method: SREDGAAP(num_trials = 50)**
SREDG AAP 
 
| m \ alpha | 0.10 | 0.15 | 0.20 | 0.25 | 0.30 |
|---|---|---|---|---|---|
| 20 | 3.000 (3.32) [16] | 5.494 (3.93) [5] | 8.001 (4.46) [1] | 12.443 (6.13) [0] | 18.844 (5.99) [0] |
| 25 | 1.064 (2.09) [32] | 3.172 (2.82) [13] | 4.847 (4.20) [10] | 7.714 (4.40) [1] | 10.417 (4.96) [0] |
| 30 | 0.264 (0.85) [41] | 1.141 (1.65) [29] | 2.398 (3.03) [22] | 6.245 (4.23) [8] | 7.158 (4.51) [3] |
| 35 | 0.000 (0.39) [48] | 0.548 (1.49) [38] | 1.669 (2.09) [24] | 3.206 (2.93) [15] | 4.756 (4.10) [8] |
| 40 | 0.000 (0.63) [48] | 0.366 (1.13) [41] | 1.069 (1.86) [32] | 1.462 (2.28) [27] | 3.387 (3.29) [12] |
| 45 | 0.000 (0.00) [50] | 0.028 (0.61) [46] | 0.447 (1.37) [40] | 1.347 (2.24) [24] | 2.545 (2.98) [18] |
| 50 | 0.000 (0.00) [50] | 0.000 (0.43) [48] | 0.274 (1.05) [42] | 0.591 (1.60) [36] | 1.815 (2.09) [22] |

 
**Method: SREDG(num_trials = 50)**
SREDG CISS paper
 
| m \ alpha | 0.10 | 0.15 | 0.20 | 0.25 | 0.30 |
|---|---|---|---|---|---|
| 20 | 2.779 (1.59) [1] | 5.079 (2.37) [0] | 8.390 (2.29) [0] | 11.869 (2.66) [0] | 16.184 (2.55) [0] |
| 25 | 0.617 (1.00) [28] | 2.333 (1.88) [4] | 3.800 (1.96) [0] | 6.754 (1.92) [0] | 10.105 (2.05) [0] |
| 30 | 0.114 (0.59) [44] | 0.471 (0.77) [24] | 1.510 (1.44) [9] | 3.515 (1.67) [0] | 5.860 (1.79) [0] |
| 35 | 0.000 (0.00) [50] | 0.196 (0.57) [37] | 0.528 (0.99) [29] | 1.580 (0.90) [5] | 3.275 (1.43) [0] |
| 40 | 0.000 (0.00) [50] | 0.000 (0.18) [48] | 0.099 (0.37) [42] | 0.802 (0.91) [17] | 1.636 (0.96) [6] |
| 45 | 0.000 (0.00) [50] | 0.000 (0.00) [50] | 0.032 (0.31) [46] | 0.229 (0.64) [37] | 0.889 (0.87) [15] |
| 50 | 0.000 (0.00) [50] | 0.000 (0.00) [50] | 0.006 (0.28) [47] | 0.082 (0.46) [43] | 0.393 (0.76) [29] |

 
