**Method: SREDG_RPCAB(num_trials = 50)**
SREDG with RPCA on B
 
| m \ alpha | 0.10 | 0.20 | 0.30 |
|---|---|---|---|
| 20 | 2.120 (1.74) [7] | 8.296 (2.24) [0] | 16.833 (1.80) [0] |
| 30 | 0.004 (0.09) [47] | 1.501 (1.23) [8] | 5.770 (1.20) [0] |
| 40 | 0.000 (0.00) [50] | 0.090 (0.44) [42] | 1.942 (1.12) [4] |
| 50 | 0.000 (0.00) [50] | 0.000 (0.00) [50] | 0.153 (0.49) [37] |

 
**Method: SREDG(num_trials = 50)**
SREDG with RPCA on B with no correction
 
| m \ alpha | 0.10 | 0.20 | 0.30 |
|---|---|---|---|
| 20 | 2.120 (1.74) [7] | 8.296 (2.24) [0] | 16.833 (1.80) [0] |
| 30 | 0.004 (0.09) [47] | 1.501 (1.23) [8] | 5.770 (1.20) [0] |
| 40 | 0.000 (0.00) [50] | 0.090 (0.44) [42] | 1.942 (1.12) [4] |
| 50 | 0.000 (0.00) [50] | 0.000 (0.00) [50] | 0.153 (0.49) [37] |

 
