p100 and d2 gamma .95 i1000 
**Method: SREDGAAP(num_trials = 50)**
SREDG AAP 
 
| m \ alpha | 0.05 | 0.10 | 0.15 | 0.20 | 0.25 | 0.30 |
|---|---|---|---|---|---|---|
| 10 | 7.774 (6.83) [13] | 14.874 (9.32) [5] | 23.824 (10.37) [0] | 30.876 (15.49) [0] | 40.975 (15.48) [0] | 45.445 (14.37) [0] |
| 15 | 0.434 (3.55) [44] | 5.034 (6.33) [18] | 12.593 (11.17) [11] | 18.631 (11.70) [1] | 21.257 (10.83) [1] | 30.947 (11.97) [0] |
| 20 | 0.165 (1.34) [45] | 0.929 (3.74) [40] | 6.303 (7.86) [20] | 8.265 (8.17) [14] | 14.849 (9.55) [4] | 20.603 (10.45) [1] |
| 25 | 0.000 (0.00) [50] | 0.568 (3.09) [43] | 0.732 (3.18) [43] | 3.243 (6.39) [33] | 5.793 (7.46) [20] | 11.296 (12.12) [11] |
| 30 | 0.000 (0.00) [50] | 0.000 (1.78) [49] | 0.000 (2.87) [48] | 0.436 (3.30) [44] | 3.476 (6.78) [27] | 6.619 (8.86) [23] |
| 35 | 0.000 (0.00) [50] | 0.000 (2.19) [49] | 0.211 (2.53) [45] | 0.000 (0.48) [49] | 1.756 (5.95) [38] | 4.765 (6.53) [25] |
| 40 | 0.000 (0.00) [50] | 0.000 (0.00) [50] | 0.000 (0.00) [50] | 0.000 (1.75) [49] | 0.490 (2.87) [45] | 3.084 (6.51) [32] |
| 45 | 0.000 (0.00) [50] | 0.000 (0.00) [50] | 0.000 (0.00) [50] | 0.096 (1.76) [47] | 0.170 (5.24) [47] | 1.220 (4.75) [40] |
| 50 | 0.000 (0.00) [50] | 0.000 (0.00) [50] | 0.000 (0.00) [50] | 0.000 (1.00) [49] | 0.000 (2.08) [48] | 0.182 (2.18) [46] |

 
**Method: SREDG(num_trials = 50)**
SREDG CISS paper
 
| m \ alpha | 0.05 | 0.10 | 0.15 | 0.20 | 0.25 | 0.30 |
|---|---|---|---|---|---|---|
| 10 | 10.913 (4.69) [0] | 17.978 (5.51) [0] | 24.646 (7.15) [0] | 30.128 (6.08) [0] | 34.907 (6.32) [0] | 38.439 (6.38) [0] |
| 15 | 4.227 (3.07) [9] | 6.503 (4.40) [4] | 11.577 (4.25) [0] | 15.095 (4.43) [0] | 19.473 (4.92) [0] | 24.654 (5.58) [0] |
| 20 | 0.497 (1.77) [39] | 4.026 (3.05) [9] | 6.247 (2.91) [3] | 9.323 (3.31) [0] | 12.492 (3.74) [0] | 15.624 (4.13) [0] |
| 25 | 0.139 (1.18) [45] | 2.360 (2.61) [19] | 3.674 (2.70) [8] | 6.109 (2.98) [1] | 7.548 (2.96) [1] | 10.351 (3.57) [0] |
| 30 | 0.000 (0.00) [50] | 0.665 (1.54) [35] | 2.694 (2.12) [12] | 3.758 (2.29) [6] | 5.551 (2.17) [0] | 7.435 (2.00) [0] |
| 35 | 0.051 (0.75) [47] | 0.307 (1.44) [42] | 1.743 (2.08) [23] | 2.882 (1.73) [8] | 3.750 (1.75) [3] | 5.449 (1.69) [0] |
| 40 | 0.000 (0.00) [50] | 0.164 (0.82) [43] | 1.714 (1.60) [19] | 2.589 (2.11) [13] | 3.548 (2.08) [3] | 4.613 (1.54) [1] |
| 45 | 0.000 (0.09) [49] | 0.000 (0.24) [49] | 0.983 (1.47) [28] | 1.586 (1.69) [17] | 3.042 (2.22) [9] | 3.689 (1.82) [2] |
| 50 | 0.000 (0.57) [48] | 0.297 (1.00) [41] | 1.057 (1.34) [25] | 1.872 (1.90) [17] | 2.252 (1.74) [14] | 3.327 (1.69) [2] |

 
