p1000 and d3
**Method: SREDGAAP(num_trials = 50)**
SREDG AAP 
 
| m \ alpha | 0.10 | 0.15 | 0.20 | 0.25 | 0.30 |
|---|---|---|---|---|---|
| 20 | 8.473 (5.83) [3] | 16.298 (6.58) [0] | 24.206 (7.70) [0] | 34.492 (9.17) [0] | 42.160 (9.10) [0] |
| 25 | 4.929 (4.85) [12] | 9.331 (4.74) [3] | 15.259 (6.79) [0] | 20.800 (7.59) [0] | 29.466 (8.25) [0] |
| 30 | 2.816 (3.50) [22] | 6.485 (4.44) [7] | 10.113 (6.25) [4] | 16.588 (9.07) [1] | 22.127 (7.09) [0] |
| 35 | 1.269 (2.48) [33] | 2.981 (3.78) [20] | 7.081 (5.53) [8] | 10.973 (5.77) [2] | 18.927 (8.02) [0] |
| 40 | 0.666 (1.88) [40] | 1.963 (3.17) [29] | 4.133 (3.86) [10] | 6.045 (5.10) [10] | 9.996 (6.82) [2] |
| 45 | 0.000 (0.96) [48] | 0.703 (2.09) [40] | 2.283 (3.04) [23] | 4.060 (4.22) [18] | 8.068 (5.13) [7] |
| 50 | 0.000 (1.16) [48] | 0.000 (0.82) [48] | 1.012 (2.02) [33] | 3.289 (4.15) [20] | 7.034 (6.08) [11] |
| 55 | 0.000 (0.00) [50] | 0.253 (1.23) [44] | 1.178 (2.58) [36] | 1.527 (2.46) [28] | 4.593 (4.51) [18] |
| 60 | 0.000 (0.00) [50] | 0.048 (0.84) [47] | 0.416 (1.50) [42] | 1.441 (2.66) [31] | 3.311 (4.31) [18] |

 
**Method: SREDG(num_trials = 50)**
SREDG CISS paper
 
| m \ alpha | 0.10 | 0.15 | 0.20 | 0.25 | 0.30 |
|---|---|---|---|---|---|
| 20 | 9.807 (4.33) [0] | 12.997 (2.69) [0] | 17.427 (4.84) [0] | 26.986 (4.53) [0] | 34.002 (4.45) [0] |
| 25 | 3.692 (3.71) [10] | 7.919 (3.13) [0] | 10.964 (3.42) [0] | 13.793 (2.47) [0] | 20.619 (3.35) [0] |
| 30 | 0.630 (1.85) [35] | 3.439 (3.15) [9] | 7.431 (3.03) [0] | 9.602 (2.36) [0] | 13.147 (2.89) [0] |
| 35 | 0.158 (0.85) [43] | 1.293 (2.85) [30] | 3.382 (2.96) [4] | 6.604 (2.72) [0] | 9.477 (2.03) [0] |
| 40 | 0.000 (0.65) [48] | 0.157 (1.01) [43] | 2.003 (2.71) [18] | 3.848 (3.08) [7] | 5.867 (2.77) [0] |
| 45 | 0.000 (0.00) [50] | 0.074 (0.81) [45] | 0.854 (1.93) [32] | 1.869 (2.35) [19] | 4.270 (2.98) [4] |
| 50 | 0.000 (0.00) [50] | 0.013 (0.48) [47] | 0.064 (0.73) [45] | 0.541 (1.58) [33] | 2.487 (2.68) [9] |
| 55 | 0.000 (0.00) [50] | 0.000 (0.00) [50] | 0.000 (0.00) [50] | 0.224 (1.14) [41] | 0.646 (1.28) [30] |
| 60 | 0.000 (0.00) [50] | 0.000 (0.00) [50] | 0.000 (0.00) [50] | 0.023 (0.50) [46] | 0.369 (1.40) [39] |

 
