**Method: SREDGAAP(num_trials = 50)**
SREDG AAP new implementation from RMDSAAP
 
| m \ alpha | 0.10 | 0.20 | 0.30 |
|---|---|---|---|
| 20 | 2.340 (3.19) [23] | 9.084 (5.43) [5] | 17.589 (6.28) [0] |
| 30 | 0.361 (1.14) [42] | 2.708 (3.25) [20] | 6.815 (5.11) [5] |
| 40 | 0.056 (0.89) [47] | 0.414 (1.29) [39] | 3.009 (3.25) [19] |
| 50 | 0.000 (0.00) [50] | 0.106 (0.95) [45] | 1.788 (2.63) [25] |

 
**Method: SREDG(num_trials = 50)**
SREDG CISS paper
 
| m \ alpha | 0.10 | 0.20 | 0.30 |
|---|---|---|---|
| 20 | 2.446 (2.00) [9] | 8.539 (2.46) [0] | 15.202 (2.23) [0] |
| 30 | 0.001 (0.49) [48] | 2.049 (1.97) [11] | 6.295 (1.77) [0] |
| 40 | 0.000 (0.00) [50] | 0.059 (0.53) [44] | 2.075 (1.60) [4] |
| 50 | 0.000 (0.00) [50] | 0.000 (0.10) [49] | 0.357 (0.62) [31] |

 
