**Method: SREDG_AAP(num_trials = 50)**
SREDG AAP Geometric cleaned F inside loop
 
| m \ alpha | 0.10 | 0.20 | 0.30 |
|---|---|---|---|
| 20 | 5.762 (3.21) [2] | 13.453 (5.30) [0] | 20.640 (6.97) [0] |
| 30 | 1.927 (2.18) [10] | 5.410 (4.62) [2] | 10.840 (5.26) [0] |
| 40 | 1.401 (1.97) [19] | 2.305 (2.55) [11] | 5.778 (4.28) [1] |
| 50 | 0.567 (1.46) [28] | 1.507 (2.12) [11] | 3.436 (3.49) [10] |

 
**Method: SREDG(num_trials = 50)**
SREDG CISS paper
 
| m \ alpha | 0.10 | 0.20 | 0.30 |
|---|---|---|---|
| 20 | 2.040 (1.52) [7] | 8.402 (2.10) [0] | 16.209 (2.14) [0] |
| 30 | 0.009 (0.31) [47] | 1.681 (1.17) [7] | 5.806 (1.12) [0] |
| 40 | 0.000 (0.00) [50] | 0.000 (0.13) [49] | 1.832 (1.02) [3] |
| 50 | 0.000 (0.00) [50] | 0.000 (0.06) [49] | 0.278 (0.58) [33] |

 
