**Method: SREDGAAP(num_trials = 50)**
SREDG AAP new implementation from RMDSAAP
 
| m \ alpha | 0.10 | 0.20 | 0.30 |
|---|---|---|---|
| 20 | 2.080 (2.81) [23] | 8.351 (4.53) [5] | 15.843 (6.22) [1] |
| 30 | 0.202 (1.18) [42] | 1.622 (2.94) [27] | 7.463 (4.72) [5] |
| 40 | 0.044 (0.56) [47] | 0.511 (1.57) [40] | 3.004 (3.61) [24] |
| 50 | 0.000 (0.31) [49] | 0.203 (0.88) [44] | 2.083 (2.86) [26] |

 
**Method: SREDG(num_trials = 50)**
SREDG CISS paper
 
| m \ alpha | 0.10 | 0.20 | 0.30 |
|---|---|---|---|
| 20 | 2.109 (1.65) [9] | 8.768 (2.73) [0] | 15.669 (3.32) [0] |
| 30 | 0.028 (0.36) [46] | 1.671 (1.65) [14] | 5.610 (1.78) [0] |
| 40 | 0.000 (0.00) [50] | 0.142 (0.64) [42] | 1.649 (1.49) [5] |
| 50 | 0.000 (0.00) [50] | 0.000 (0.00) [50] | 0.220 (0.68) [37] |

 
