**Method: SREDG_AAP(num_trials = 50)**
SREDG AAP
 
| m \ alpha | 0.10 | 0.20 | 0.30 |
|---|---|---|---|
| 20 | 5.387 (3.77) [8] | 12.450 (4.80) [0] | 23.824 (6.40) [0] |
| 30 | 0.994 (1.92) [34] | 3.962 (2.91) [8] | 11.973 (5.06) [0] |
| 40 | 0.250 (1.33) [44] | 1.877 (2.24) [23] | 5.965 (4.30) [8] |
| 50 | 0.000 (0.26) [49] | 0.638 (1.49) [36] | 3.710 (2.78) [11] |

 
**Method: SREDG_AAP2(num_trials = 50)**
SREDG AAP without projection
 
| m \ alpha | 0.10 | 0.20 | 0.30 |
|---|---|---|---|
| 20 | 5.359 (3.77) [8] | 12.476 (4.74) [0] | 23.865 (6.42) [0] |
| 30 | 0.997 (1.91) [34] | 3.862 (2.94) [9] | 11.931 (5.11) [0] |
| 40 | 0.250 (1.31) [44] | 1.889 (2.26) [23] | 5.948 (4.29) [8] |
| 50 | 0.000 (0.26) [49] | 0.600 (1.44) [36] | 3.721 (2.78) [11] |

 
**Method: SREDG(num_trials = 50)**
SREDG CISS paper
 
| m \ alpha | 0.10 | 0.20 | 0.30 |
|---|---|---|---|
| 20 | 2.419 (1.56) [3] | 7.887 (2.14) [0] | 16.451 (2.72) [0] |
| 30 | 0.029 (0.27) [46] | 1.785 (1.24) [6] | 6.234 (1.41) [0] |
| 40 | 0.000 (0.00) [50] | 0.071 (0.41) [44] | 1.454 (1.06) [8] |
| 50 | 0.000 (0.00) [50] | 0.000 (0.00) [50] | 0.215 (0.49) [34] |

 
