**Method: SREDGAAP(num_trials = 50)**
SREDG AAP new implementation from RMDSAAP
 
| m \ alpha | 0.10 | 0.20 | 0.30 |
|---|---|---|---|
| 20 | 7.778 (12.55) [27] | 30.396 (24.85) [8] | 62.368 (28.44) [0] |
| 30 | 1.352 (6.63) [44] | 7.073 (12.56) [30] | 29.680 (24.14) [8] |
| 40 | 0.000 (0.61) [49] | 1.411 (6.40) [43] | 10.861 (12.16) [20] |
| 50 | 0.000 (0.00) [50] | 0.000 (0.55) [49] | 5.672 (10.37) [29] |

 
**Method: SREDG(num_trials = 50)**
SREDG CISS paper
 
| m \ alpha | 0.10 | 0.20 | 0.30 |
|---|---|---|---|
| 20 | 20.130 (14.82) [0] | 53.351 (20.62) [0] | 82.284 (12.54) [0] |
| 30 | 10.570 (4.34) [0] | 14.124 (9.36) [0] | 31.390 (15.27) [0] |
| 40 | 6.452 (2.65) [2] | 8.681 (3.41) [0] | 12.737 (5.26) [0] |
| 50 | 5.024 (2.54) [4] | 5.699 (2.71) [1] | 8.418 (3.35) [0] |

 
