### Comparison (num_trials = 30)
#### Method: SREDG_AAP 
| m \ alpha | 0.10 | 0.20 | 0.30 |
|---|---|---|---|
| 20 | 4.365 (3.27) (3) | 13.809 (5.26) (0) | 24.355 (6.86) (0) |
| 30 | 0.769 (1.95) (21) | 5.821 (3.25) (2) | 13.057 (4.70) (1) |
| 40 | 0.000 (0.76) (28) | 1.740 (2.23) (13) | 8.218 (4.50) (1) |

#### Method: SREDG_AP (No projection) 
| m \ alpha | 0.10 | 0.20 | 0.30 |
|---|---|---|---|
| 20 | 4.317 (3.17) (3) | 14.020 (5.24) (0) | 24.372 (6.90) (0) |
| 30 | 0.757 (1.93) (21) | 5.787 (3.36) (3) | 13.143 (4.73) (1) |
| 40 | 0.000 (0.76) (28) | 1.729 (2.23) (13) | 8.197 (4.56) (1) |

