### Comparison (num_trials = 30)
#### Method: SREDG_AAP 
| m \ alpha | 0.10 | 0.20 | 0.30 |
|---|---|---|---|
| 20 | 4.613 (2.85) (2) | 12.693 (4.88) (0) | 24.226 (6.25) (0) |
| 30 | 1.376 (2.41) (17) | 4.798 (4.09) (2) | 10.666 (4.00) (0) |
| 40 | 0.000 (0.69) (28) | 1.982 (2.26) (10) | 6.676 (4.07) (4) |

#### Method: SREDG 
| m \ alpha | 0.10 | 0.20 | 0.30 |
|---|---|---|---|
| 20 | 1.744 (1.39) (5) | 8.479 (2.88) (0) | 16.812 (1.41) (0) |
| 30 | 0.004 (0.43) (27) | 1.105 (1.33) (11) | 5.503 (1.39) (0) |
| 40 | 0.000 (0.00) (30) | 0.025 (0.37) (26) | 1.568 (1.23) (6) |

