### Comparison (num_trials = 50)
#### Method: SREDG_RPCAB  
 
| m \ alpha | 0.10 | 0.20 | 0.30 |
|---|---|---|---|
| 20 | 2.330 (1.48) (6) | 8.137 (1.68) (0) | 16.907 (845873197718749823245756761787936741761914469523365798719040937251614618718139872573264827059787437046023021332604864158611141742821376.00) (0) |
| 30 | 0.000 (0.40) (48) | 1.632 (1.17) (4) | 5.989 (1.47) (0) |
| 40 | 0.000 (0.00) (50) | 0.056 (0.46) (44) | 1.308 (1.04) (9) |

#### Method: SREDG 
| m \ alpha | 0.10 | 0.20 | 0.30 |
|---|---|---|---|
| 20 | 2.412 (1.56) (6) | 7.848 (1.57) (0) | 16.298 (2.60) (0) |
| 30 | 0.000 (0.29) (48) | 1.622 (1.05) (4) | 5.812 (1.49) (0) |
| 40 | 0.000 (0.00) (50) | 0.064 (0.51) (44) | 1.404 (1.03) (9) |

